[
  {
    "id": 247,
    "answer": "Sports Medicine Australia",
    "options": [
      "Sports Medicine Federation",
      "Australian Health Authority",
      "Women's Sport Federation"
    ],
    "all_options": [
      "Sports Medicine Australia",
      "Sports Medicine Federation",
      "Australian Health Authority",
      "Women's Sport Federation"
    ],
    "similarity_matrix": [
      [
        1.0,
        0.9882665872573853,
        0.96955406665802,
        0.9561425447463989
      ],
      [
        0.9882665872573853,
        0.9999998807907104,
        0.97757887840271,
        0.9789904952049255
      ],
      [
        0.96955406665802,
        0.97757887840271,
        0.9999998807907104,
        0.9814053773880005
      ],
      [
        0.9561425447463989,
        0.9789904952049255,
        0.9814053773880005,
        0.9999999403953552
      ]
    ],
    "answer_vs_options": {
      "answer_vs_option_1": 0.9882665872573853,
      "answer_vs_option_2": 0.96955406665802,
      "answer_vs_option_3": 0.9561425447463989
    },
    "option_vs_option": {
      "option_1_vs_option_2": 0.97757887840271,
      "option_1_vs_option_3": 0.9789904952049255,
      "option_2_vs_option_3": 0.9814053773880005
    }
  },
  {
    "id": 253,
    "answer": "2.3 million",
    "options": [
      "2.5 million",
      "3.2 million",
      "4.3 million"
    ],
    "all_options": [
      "2.3 million",
      "2.5 million",
      "3.2 million",
      "4.3 million"
    ],
    "similarity_matrix": [
      [
        0.9999999403953552,
        0.9995619058609009,
        0.999935507774353,
        0.999285876750946
      ],
      [
        0.9995619058609009,
        1.000000238418579,
        0.9994256496429443,
        0.998859703540802
      ],
      [
        0.999935507774353,
        0.9994256496429443,
        1.000000238418579,
        0.9993863105773926
      ],
      [
        0.999285876750946,
        0.998859703540802,
        0.9993863105773926,
        1.000000238418579
      ]
    ],
    "answer_vs_options": {
      "answer_vs_option_1": 0.9995619058609009,
      "answer_vs_option_2": 0.999935507774353,
      "answer_vs_option_3": 0.999285876750946
    },
    "option_vs_option": {
      "option_1_vs_option_2": 0.9994256496429443,
      "option_1_vs_option_3": 0.998859703540802,
      "option_2_vs_option_3": 0.9993863105773926
    }
  },
  {
    "id": 283,
    "answer": "Bob Salera",
    "options": [
      "Bob Sierra",
      "Bob Sanders",
      "Bob Sullivan"
    ],
    "all_options": [
      "Bob Salera",
      "Bob Sierra",
      "Bob Sanders",
      "Bob Sullivan"
    ],
    "similarity_matrix": [
      [
        1.000000238418579,
        0.955670952796936,
        0.9517713785171509,
        0.9594987630844116
      ],
      [
        0.955670952796936,
        1.0,
        0.972535252571106,
        0.9630568623542786
      ],
      [
        0.9517713785171509,
        0.972535252571106,
        1.0000001192092896,
        0.960066020488739
      ],
      [
        0.9594987630844116,
        0.9630568623542786,
        0.960066020488739,
        1.0
      ]
    ],
    "answer_vs_options": {
      "answer_vs_option_1": 0.955670952796936,
      "answer_vs_option_2": 0.9517713785171509,
      "answer_vs_option_3": 0.9594987630844116
    },
    "option_vs_option": {
      "option_1_vs_option_2": 0.972535252571106,
      "option_1_vs_option_3": 0.9630568623542786,
      "option_2_vs_option_3": 0.960066020488739
    }
  },
  {
    "id": 353,
    "answer": "48 percent",
    "options": [
      "47 percent",
      "38 percent",
      "58 percent"
    ],
    "all_options": [
      "48 percent",
      "47 percent",
      "38 percent",
      "58 percent"
    ],
    "similarity_matrix": [
      [
        1.0000001192092896,
        0.9998036623001099,
        0.9997597336769104,
        0.9993221759796143
      ],
      [
        0.9998036623001099,
        1.000000238418579,
        0.9998248815536499,
        0.9994112253189087
      ],
      [
        0.9997597336769104,
        0.9998248815536499,
        0.9999999403953552,
        0.9995788335800171
      ],
      [
        0.9993221759796143,
        0.9994112253189087,
        0.9995788335800171,
        0.9999999403953552
      ]
    ],
    "answer_vs_options": {
      "answer_vs_option_1": 0.9998036623001099,
      "answer_vs_option_2": 0.9997597336769104,
      "answer_vs_option_3": 0.9993221759796143
    },
    "option_vs_option": {
      "option_1_vs_option_2": 0.9998248815536499,
      "option_1_vs_option_3": 0.9994112253189087,
      "option_2_vs_option_3": 0.9995788335800171
    }
  },
  {
    "id": 464,
    "answer": "40,000",
    "options": [
      "45,000",
      "30,000",
      "50,000"
    ],
    "all_options": [
      "40,000",
      "45,000",
      "30,000",
      "50,000"
    ],
    "similarity_matrix": [
      [
        1.000000238418579,
        0.9999312162399292,
        0.9998548626899719,
        0.9998374581336975
      ],
      [
        0.9999312162399292,
        1.0,
        0.9998228549957275,
        0.9998128414154053
      ],
      [
        0.9998548626899719,
        0.9998228549957275,
        1.0,
        0.9998621344566345
      ],
      [
        0.9998374581336975,
        0.9998128414154053,
        0.9998621344566345,
        1.0
      ]
    ],
    "answer_vs_options": {
      "answer_vs_option_1": 0.9999312162399292,
      "answer_vs_option_2": 0.9998548626899719,
      "answer_vs_option_3": 0.9998374581336975
    },
    "option_vs_option": {
      "option_1_vs_option_2": 0.9998228549957275,
      "option_1_vs_option_3": 0.9998128414154053,
      "option_2_vs_option_3": 0.9998621344566345
    }
  },
  {
    "id": 615,
    "answer": "1996",
    "options": [
      "1995",
      "1994",
      "1998"
    ],
    "all_options": [
      "1996",
      "1995",
      "1994",
      "1998"
    ],
    "similarity_matrix": [
      [
        0.9999999403953552,
        0.9996391534805298,
        0.9996790289878845,
        0.9996164441108704
      ],
      [
        0.9996391534805298,
        1.0000003576278687,
        0.9996975064277649,
        0.9994264245033264
      ],
      [
        0.9996790289878845,
        0.9996975064277649,
        1.000000238418579,
        0.9994365572929382
      ],
      [
        0.9996164441108704,
        0.9994264245033264,
        0.9994365572929382,
        1.0000001192092896
      ]
    ],
    "answer_vs_options": {
      "answer_vs_option_1": 0.9996391534805298,
      "answer_vs_option_2": 0.9996790289878845,
      "answer_vs_option_3": 0.9996164441108704
    },
    "option_vs_option": {
      "option_1_vs_option_2": 0.9996975064277649,
      "option_1_vs_option_3": 0.9994264245033264,
      "option_2_vs_option_3": 0.9994365572929382
    }
  },
  {
    "id": 643,
    "answer": "Crosby",
    "options": [
      "Crosfield",
      "Crosslake",
      "Nisswa"
    ],
    "all_options": [
      "Crosby",
      "Crosfield",
      "Crosslake",
      "Nisswa"
    ],
    "similarity_matrix": [
      [
        1.0000001192092896,
        0.966772198677063,
        0.9765546917915344,
        0.9736283421516418
      ],
      [
        0.966772198677063,
        0.9999998807907104,
        0.9819955825805664,
        0.9710642099380493
      ],
      [
        0.9765546917915344,
        0.9819955825805664,
        1.0000001192092896,
        0.9879319667816162
      ],
      [
        0.9736283421516418,
        0.9710642099380493,
        0.9879319667816162,
        1.0
      ]
    ],
    "answer_vs_options": {
      "answer_vs_option_1": 0.966772198677063,
      "answer_vs_option_2": 0.9765546917915344,
      "answer_vs_option_3": 0.9736283421516418
    },
    "option_vs_option": {
      "option_1_vs_option_2": 0.9819955825805664,
      "option_1_vs_option_3": 0.9710642099380493,
      "option_2_vs_option_3": 0.9879319667816162
    }
  },
  {
    "id": 704,
    "answer": "2008",
    "options": [
      "2009",
      "2006",
      "2010"
    ],
    "all_options": [
      "2008",
      "2009",
      "2006",
      "2010"
    ],
    "similarity_matrix": [
      [
        1.0000001192092896,
        0.9998821020126343,
        0.9997789859771729,
        0.9998213052749634
      ],
      [
        0.9998821020126343,
        0.9999998807907104,
        0.999814510345459,
        0.9998569488525391
      ],
      [
        0.9997789859771729,
        0.999814510345459,
        1.0,
        0.9997683167457581
      ],
      [
        0.9998213052749634,
        0.9998569488525391,
        0.9997683167457581,
        1.0
      ]
    ],
    "answer_vs_options": {
      "answer_vs_option_1": 0.9998821020126343,
      "answer_vs_option_2": 0.9997789859771729,
      "answer_vs_option_3": 0.9998213052749634
    },
    "option_vs_option": {
      "option_1_vs_option_2": 0.999814510345459,
      "option_1_vs_option_3": 0.9998569488525391,
      "option_2_vs_option_3": 0.9997683167457581
    }
  },
  {
    "id": 1001,
    "answer": "20,000",
    "options": [
      "22,000",
      "15,000",
      "25,000"
    ],
    "all_options": [
      "20,000",
      "22,000",
      "15,000",
      "25,000"
    ],
    "similarity_matrix": [
      [
        1.000000238418579,
        0.999727725982666,
        0.9996172189712524,
        0.9998331665992737
      ],
      [
        0.999727725982666,
        1.000000238418579,
        0.9995574951171875,
        0.9996653199195862
      ],
      [
        0.9996172189712524,
        0.9995574951171875,
        1.000000238418579,
        0.9995617866516113
      ],
      [
        0.9998331665992737,
        0.9996653199195862,
        0.9995617866516113,
        1.0000001192092896
      ]
    ],
    "answer_vs_options": {
      "answer_vs_option_1": 0.999727725982666,
      "answer_vs_option_2": 0.9996172189712524,
      "answer_vs_option_3": 0.9998331665992737
    },
    "option_vs_option": {
      "option_1_vs_option_2": 0.9995574951171875,
      "option_1_vs_option_3": 0.9996653199195862,
      "option_2_vs_option_3": 0.9995617866516113
    }
  },
  {
    "id": 1011,
    "answer": "No. 23",
    "options": [
      "No. 24",
      "No. 22",
      "No. 21"
    ],
    "all_options": [
      "No. 23",
      "No. 24",
      "No. 22",
      "No. 21"
    ],
    "similarity_matrix": [
      [
        1.0000001192092896,
        0.9998997449874878,
        0.9999603033065796,
        0.999972939491272
      ],
      [
        0.9998997449874878,
        1.000000238418579,
        0.9998939633369446,
        0.9999057054519653
      ],
      [
        0.9999603033065796,
        0.9998939633369446,
        1.0000004768371582,
        0.9999666213989258
      ],
      [
        0.999972939491272,
        0.9999057054519653,
        0.9999666213989258,
        1.000000238418579
      ]
    ],
    "answer_vs_options": {
      "answer_vs_option_1": 0.9998997449874878,
      "answer_vs_option_2": 0.9999603033065796,
      "answer_vs_option_3": 0.999972939491272
    },
    "option_vs_option": {
      "option_1_vs_option_2": 0.9998939633369446,
      "option_1_vs_option_3": 0.9999057054519653,
      "option_2_vs_option_3": 0.9999666213989258
    }
  },
  {
    "id": 1082,
    "answer": "somatostatin",
    "options": [
      "somatotropin",
      "somatotropin",
      "somatomammotropin"
    ],
    "all_options": [
      "somatostatin",
      "somatotropin",
      "somatotropin",
      "somatomammotropin"
    ],
    "similarity_matrix": [
      [
        1.000000238418579,
        0.9870296716690063,
        0.9870296716690063,
        0.9845585823059082
      ],
      [
        0.9870296716690063,
        1.000000238418579,
        1.000000238418579,
        0.996417224407196
      ],
      [
        0.9870296716690063,
        1.000000238418579,
        1.000000238418579,
        0.996417224407196
      ],
      [
        0.9845585823059082,
        0.996417224407196,
        0.996417224407196,
        1.0
      ]
    ],
    "answer_vs_options": {
      "answer_vs_option_1": 0.9870296716690063,
      "answer_vs_option_2": 0.9870296716690063,
      "answer_vs_option_3": 0.9845585823059082
    },
    "option_vs_option": {
      "option_1_vs_option_2": 1.000000238418579,
      "option_1_vs_option_3": 0.996417224407196,
      "option_2_vs_option_3": 0.996417224407196
    }
  },
  {
    "id": 1130,
    "answer": "Leo Kirch",
    "options": [
      "Leo Kirchner",
      "Leo Klein",
      "Leo Keller"
    ],
    "all_options": [
      "Leo Kirch",
      "Leo Kirchner",
      "Leo Klein",
      "Leo Keller"
    ],
    "similarity_matrix": [
      [
        1.0000001192092896,
        0.9931875467300415,
        0.9709388017654419,
        0.9702170491218567
      ],
      [
        0.9931875467300415,
        1.000000238418579,
        0.9766547083854675,
        0.9772598743438721
      ],
      [
        0.9709388017654419,
        0.9766547083854675,
        0.9999998807907104,
        0.9817407131195068
      ],
      [
        0.9702170491218567,
        0.9772598743438721,
        0.9817407131195068,
        0.9999998807907104
      ]
    ],
    "answer_vs_options": {
      "answer_vs_option_1": 0.9931875467300415,
      "answer_vs_option_2": 0.9709388017654419,
      "answer_vs_option_3": 0.9702170491218567
    },
    "option_vs_option": {
      "option_1_vs_option_2": 0.9766547083854675,
      "option_1_vs_option_3": 0.9772598743438721,
      "option_2_vs_option_3": 0.9817407131195068
    }
  },
  {
    "id": 1550,
    "answer": "The Dream Stealer",
    "options": [
      "The Dream Seeker",
      "The Dream Keeper",
      "The Dream Catcher"
    ],
    "all_options": [
      "The Dream Stealer",
      "The Dream Seeker",
      "The Dream Keeper",
      "The Dream Catcher"
    ],
    "similarity_matrix": [
      [
        1.0,
        0.9437905550003052,
        0.9567290544509888,
        0.9539593458175659
      ],
      [
        0.9437905550003052,
        1.0000001192092896,
        0.9554617404937744,
        0.9495868682861328
      ],
      [
        0.9567290544509888,
        0.9554617404937744,
        1.0,
        0.9696360230445862
      ],
      [
        0.9539593458175659,
        0.9495868682861328,
        0.9696360230445862,
        1.0
      ]
    ],
    "answer_vs_options": {
      "answer_vs_option_1": 0.9437905550003052,
      "answer_vs_option_2": 0.9567290544509888,
      "answer_vs_option_3": 0.9539593458175659
    },
    "option_vs_option": {
      "option_1_vs_option_2": 0.9554617404937744,
      "option_1_vs_option_3": 0.9495868682861328,
      "option_2_vs_option_3": 0.9696360230445862
    }
  },
  {
    "id": 1606,
    "answer": "67-28",
    "options": [
      "67-29",
      "68-27",
      "66-29"
    ],
    "all_options": [
      "67-28",
      "67-29",
      "68-27",
      "66-29"
    ],
    "similarity_matrix": [
      [
        1.000000238418579,
        0.9995282888412476,
        0.9989430904388428,
        0.9983835816383362
      ],
      [
        0.9995282888412476,
        0.9999998807907104,
        0.9985052347183228,
        0.9985048770904541
      ],
      [
        0.9989430904388428,
        0.9985052347183228,
        1.0,
        0.9980826377868652
      ],
      [
        0.9983835816383362,
        0.9985048770904541,
        0.9980826377868652,
        1.0000001192092896
      ]
    ],
    "answer_vs_options": {
      "answer_vs_option_1": 0.9995282888412476,
      "answer_vs_option_2": 0.9989430904388428,
      "answer_vs_option_3": 0.9983835816383362
    },
    "option_vs_option": {
      "option_1_vs_option_2": 0.9985052347183228,
      "option_1_vs_option_3": 0.9985048770904541,
      "option_2_vs_option_3": 0.9980826377868652
    }
  },
  {
    "id": 1786,
    "answer": "Kristina Vaculik",
    "options": [
      "Kristina Vakulik",
      "Kristen Vaculik",
      "Christina Vaculik"
    ],
    "all_options": [
      "Kristina Vaculik",
      "Kristina Vakulik",
      "Kristen Vaculik",
      "Christina Vaculik"
    ],
    "similarity_matrix": [
      [
        1.000000238418579,
        0.9992214441299438,
        0.9965324401855469,
        0.9956831336021423
      ],
      [
        0.9992214441299438,
        1.0,
        0.9960249662399292,
        0.9948143362998962
      ],
      [
        0.9965324401855469,
        0.9960249662399292,
        1.000000238418579,
        0.9970800280570984
      ],
      [
        0.9956831336021423,
        0.9948143362998962,
        0.9970800280570984,
        1.0000001192092896
      ]
    ],
    "answer_vs_options": {
      "answer_vs_option_1": 0.9992214441299438,
      "answer_vs_option_2": 0.9965324401855469,
      "answer_vs_option_3": 0.9956831336021423
    },
    "option_vs_option": {
      "option_1_vs_option_2": 0.9960249662399292,
      "option_1_vs_option_3": 0.9948143362998962,
      "option_2_vs_option_3": 0.9970800280570984
    }
  },
  {
    "id": 1876,
    "answer": "Dynamite Baits",
    "options": [
      "Dynamic Baits",
      "Dynamic Baits",
      "Dynamix Baits"
    ],
    "all_options": [
      "Dynamite Baits",
      "Dynamic Baits",
      "Dynamic Baits",
      "Dynamix Baits"
    ],
    "similarity_matrix": [
      [
        1.0,
        0.9972747564315796,
        0.9972747564315796,
        0.994564950466156
      ],
      [
        0.9972747564315796,
        0.9999998807907104,
        0.9999998807907104,
        0.9953845143318176
      ],
      [
        0.9972747564315796,
        0.9999998807907104,
        0.9999998807907104,
        0.9953845143318176
      ],
      [
        0.994564950466156,
        0.9953845143318176,
        0.9953845143318176,
        1.0
      ]
    ],
    "answer_vs_options": {
      "answer_vs_option_1": 0.9972747564315796,
      "answer_vs_option_2": 0.9972747564315796,
      "answer_vs_option_3": 0.994564950466156
    },
    "option_vs_option": {
      "option_1_vs_option_2": 0.9999998807907104,
      "option_1_vs_option_3": 0.9953845143318176,
      "option_2_vs_option_3": 0.9953845143318176
    }
  },
  {
    "id": 1905,
    "answer": "KalinPlayer",
    "options": [
      "KaliPlayer",
      "KalimPlayer",
      "KalenPlayer"
    ],
    "all_options": [
      "KalinPlayer",
      "KaliPlayer",
      "KalimPlayer",
      "KalenPlayer"
    ],
    "similarity_matrix": [
      [
        1.000000238418579,
        0.9578163623809814,
        0.9826784729957581,
        0.9208040237426758
      ],
      [
        0.9578163623809814,
        1.0000001192092896,
        0.966818630695343,
        0.9446556568145752
      ],
      [
        0.9826784729957581,
        0.966818630695343,
        1.0,
        0.9203236699104309
      ],
      [
        0.9208040237426758,
        0.9446556568145752,
        0.9203236699104309,
        1.0000001192092896
      ]
    ],
    "answer_vs_options": {
      "answer_vs_option_1": 0.9578163623809814,
      "answer_vs_option_2": 0.9826784729957581,
      "answer_vs_option_3": 0.9208040237426758
    },
    "option_vs_option": {
      "option_1_vs_option_2": 0.966818630695343,
      "option_1_vs_option_3": 0.9446556568145752,
      "option_2_vs_option_3": 0.9203236699104309
    }
  },
  {
    "id": 1917,
    "answer": "July 30",
    "options": [
      "July 29",
      "July 20",
      "July 31"
    ],
    "all_options": [
      "July 30",
      "July 29",
      "July 20",
      "July 31"
    ],
    "similarity_matrix": [
      [
        0.999999463558197,
        0.9999620318412781,
        0.9999520778656006,
        0.9999451637268066
      ],
      [
        0.9999620318412781,
        1.000000238418579,
        0.9999327063560486,
        0.9999550580978394
      ],
      [
        0.9999520778656006,
        0.9999327063560486,
        1.0000004768371582,
        0.9999305605888367
      ],
      [
        0.9999451637268066,
        0.9999550580978394,
        0.9999305605888367,
        1.000000238418579
      ]
    ],
    "answer_vs_options": {
      "answer_vs_option_1": 0.9999620318412781,
      "answer_vs_option_2": 0.9999520778656006,
      "answer_vs_option_3": 0.9999451637268066
    },
    "option_vs_option": {
      "option_1_vs_option_2": 0.9999327063560486,
      "option_1_vs_option_3": 0.9999550580978394,
      "option_2_vs_option_3": 0.9999305605888367
    }
  },
  {
    "id": 2016,
    "answer": "one thousand dollar",
    "options": [
      "nine hundred dollar",
      "two thousand dollar",
      "fifteen hundred dollar"
    ],
    "all_options": [
      "one thousand dollar",
      "nine hundred dollar",
      "two thousand dollar",
      "fifteen hundred dollar"
    ],
    "similarity_matrix": [
      [
        1.0,
        0.9924029111862183,
        0.9962325096130371,
        0.9914050102233887
      ],
      [
        0.9924029111862183,
        0.9999997019767761,
        0.9905990958213806,
        0.9945449233055115
      ],
      [
        0.9962325096130371,
        0.9905990958213806,
        0.9999999403953552,
        0.9898338317871094
      ],
      [
        0.9914050102233887,
        0.9945449233055115,
        0.9898338317871094,
        0.9999998807907104
      ]
    ],
    "answer_vs_options": {
      "answer_vs_option_1": 0.9924029111862183,
      "answer_vs_option_2": 0.9962325096130371,
      "answer_vs_option_3": 0.9914050102233887
    },
    "option_vs_option": {
      "option_1_vs_option_2": 0.9905990958213806,
      "option_1_vs_option_3": 0.9945449233055115,
      "option_2_vs_option_3": 0.9898338317871094
    }
  },
  {
    "id": 2240,
    "answer": "Chris Davis",
    "options": [
      "Chris Daniels",
      "Chris Davidson",
      "Chris Davies"
    ],
    "all_options": [
      "Chris Davis",
      "Chris Daniels",
      "Chris Davidson",
      "Chris Davies"
    ],
    "similarity_matrix": [
      [
        1.000000238418579,
        0.9971256256103516,
        0.9943217635154724,
        0.9964652061462402
      ],
      [
        0.9971256256103516,
        0.9999997615814209,
        0.9960941672325134,
        0.9965148568153381
      ],
      [
        0.9943217635154724,
        0.9960941672325134,
        1.0000001192092896,
        0.9934433698654175
      ],
      [
        0.9964652061462402,
        0.9965148568153381,
        0.9934433698654175,
        1.000000238418579
      ]
    ],
    "answer_vs_options": {
      "answer_vs_option_1": 0.9971256256103516,
      "answer_vs_option_2": 0.9943217635154724,
      "answer_vs_option_3": 0.9964652061462402
    },
    "option_vs_option": {
      "option_1_vs_option_2": 0.9960941672325134,
      "option_1_vs_option_3": 0.9965148568153381,
      "option_2_vs_option_3": 0.9934433698654175
    }
  },
  {
    "id": 2316,
    "answer": "35 miles an hour",
    "options": [
      "36 miles an hour",
      "30 miles an hour",
      "40 miles an hour"
    ],
    "all_options": [
      "35 miles an hour",
      "36 miles an hour",
      "30 miles an hour",
      "40 miles an hour"
    ],
    "similarity_matrix": [
      [
        1.0,
        0.9995483160018921,
        0.9988404512405396,
        0.9992330074310303
      ],
      [
        0.9995483160018921,
        1.000000238418579,
        0.9990059733390808,
        0.9993044137954712
      ],
      [
        0.9988404512405396,
        0.9990059733390808,
        1.000000238418579,
        0.9993735551834106
      ],
      [
        0.9992330074310303,
        0.9993044137954712,
        0.9993735551834106,
        1.0
      ]
    ],
    "answer_vs_options": {
      "answer_vs_option_1": 0.9995483160018921,
      "answer_vs_option_2": 0.9988404512405396,
      "answer_vs_option_3": 0.9992330074310303
    },
    "option_vs_option": {
      "option_1_vs_option_2": 0.9990059733390808,
      "option_1_vs_option_3": 0.9993044137954712,
      "option_2_vs_option_3": 0.9993735551834106
    }
  },
  {
    "id": 2317,
    "answer": "December 1994",
    "options": [
      "November 1994",
      "December 1993",
      "November 1994"
    ],
    "all_options": [
      "December 1994",
      "November 1994",
      "December 1993",
      "November 1994"
    ],
    "similarity_matrix": [
      [
        1.000000238418579,
        0.9996094703674316,
        0.9989593625068665,
        0.9996094703674316
      ],
      [
        0.9996094703674316,
        1.0000001192092896,
        0.9985494613647461,
        1.0000001192092896
      ],
      [
        0.9989593625068665,
        0.9985494613647461,
        0.9999999403953552,
        0.9985494613647461
      ],
      [
        0.9996094703674316,
        1.0000001192092896,
        0.9985494613647461,
        1.0000001192092896
      ]
    ],
    "answer_vs_options": {
      "answer_vs_option_1": 0.9996094703674316,
      "answer_vs_option_2": 0.9989593625068665,
      "answer_vs_option_3": 0.9996094703674316
    },
    "option_vs_option": {
      "option_1_vs_option_2": 0.9985494613647461,
      "option_1_vs_option_3": 1.0000001192092896,
      "option_2_vs_option_3": 0.9985494613647461
    }
  },
  {
    "id": 2420,
    "answer": "20 great-grandchildren",
    "options": [
      "19 great-grandchildren",
      "22 great-grandchildren",
      "18 great-grandchildren"
    ],
    "all_options": [
      "20 great-grandchildren",
      "19 great-grandchildren",
      "22 great-grandchildren",
      "18 great-grandchildren"
    ],
    "similarity_matrix": [
      [
        1.0,
        0.9999215006828308,
        0.9999194145202637,
        0.9999437928199768
      ],
      [
        0.9999215006828308,
        1.000000238418579,
        0.9999525547027588,
        0.999930739402771
      ],
      [
        0.9999194145202637,
        0.9999525547027588,
        1.0,
        0.9999033212661743
      ],
      [
        0.9999437928199768,
        0.999930739402771,
        0.9999033212661743,
        1.0000001192092896
      ]
    ],
    "answer_vs_options": {
      "answer_vs_option_1": 0.9999215006828308,
      "answer_vs_option_2": 0.9999194145202637,
      "answer_vs_option_3": 0.9999437928199768
    },
    "option_vs_option": {
      "option_1_vs_option_2": 0.9999525547027588,
      "option_1_vs_option_3": 0.999930739402771,
      "option_2_vs_option_3": 0.9999033212661743
    }
  },
  {
    "id": 2460,
    "answer": "July 2010",
    "options": [
      "August 2010",
      "June 2010",
      "August 2010"
    ],
    "all_options": [
      "July 2010",
      "August 2010",
      "June 2010",
      "August 2010"
    ],
    "similarity_matrix": [
      [
        1.0000003576278687,
        0.9997592568397522,
        0.9997507333755493,
        0.9997592568397522
      ],
      [
        0.9997592568397522,
        1.0,
        0.9997511506080627,
        1.0
      ],
      [
        0.9997507333755493,
        0.9997511506080627,
        0.9999999403953552,
        0.9997511506080627
      ],
      [
        0.9997592568397522,
        1.0,
        0.9997511506080627,
        1.0
      ]
    ],
    "answer_vs_options": {
      "answer_vs_option_1": 0.9997592568397522,
      "answer_vs_option_2": 0.9997507333755493,
      "answer_vs_option_3": 0.9997592568397522
    },
    "option_vs_option": {
      "option_1_vs_option_2": 0.9997511506080627,
      "option_1_vs_option_3": 1.0,
      "option_2_vs_option_3": 0.9997511506080627
    }
  },
  {
    "id": 2475,
    "answer": "Albuquerque",
    "options": [
      "Albuquerque",
      "Albuquerque",
      "El Paso"
    ],
    "all_options": [
      "Albuquerque",
      "Albuquerque",
      "Albuquerque",
      "El Paso"
    ],
    "similarity_matrix": [
      [
        1.0,
        1.0,
        1.0,
        0.997300922870636
      ],
      [
        1.0,
        1.0,
        1.0,
        0.997300922870636
      ],
      [
        1.0,
        1.0,
        1.0,
        0.997300922870636
      ],
      [
        0.997300922870636,
        0.997300922870636,
        0.997300922870636,
        1.0000001192092896
      ]
    ],
    "answer_vs_options": {
      "answer_vs_option_1": 1.0,
      "answer_vs_option_2": 1.0,
      "answer_vs_option_3": 0.997300922870636
    },
    "option_vs_option": {
      "option_1_vs_option_2": 1.0,
      "option_1_vs_option_3": 0.997300922870636,
      "option_2_vs_option_3": 0.997300922870636
    }
  },
  {
    "id": 2638,
    "answer": "UQ Communications",
    "options": [
      "UQ Telecommunications",
      "UQ Technologies",
      "UC Communications"
    ],
    "all_options": [
      "UQ Communications",
      "UQ Telecommunications",
      "UQ Technologies",
      "UC Communications"
    ],
    "similarity_matrix": [
      [
        0.9999998807907104,
        0.9988670349121094,
        0.9993287324905396,
        0.9834363460540771
      ],
      [
        0.9988670349121094,
        0.9999999403953552,
        0.9988594055175781,
        0.9865109920501709
      ],
      [
        0.9993287324905396,
        0.9988594055175781,
        1.0000003576278687,
        0.9827991127967834
      ],
      [
        0.9834363460540771,
        0.9865109920501709,
        0.9827991127967834,
        1.0000001192092896
      ]
    ],
    "answer_vs_options": {
      "answer_vs_option_1": 0.9988670349121094,
      "answer_vs_option_2": 0.9993287324905396,
      "answer_vs_option_3": 0.9834363460540771
    },
    "option_vs_option": {
      "option_1_vs_option_2": 0.9988594055175781,
      "option_1_vs_option_3": 0.9865109920501709,
      "option_2_vs_option_3": 0.9827991127967834
    }
  },
  {
    "id": 2639,
    "answer": "Digital Mobile Spectrum Limited",
    "options": [
      "Digital Mobile Services Limited",
      "Digital Spectrum Mobile Limited",
      "Digital Mobile Network Limited"
    ],
    "all_options": [
      "Digital Mobile Spectrum Limited",
      "Digital Mobile Services Limited",
      "Digital Spectrum Mobile Limited",
      "Digital Mobile Network Limited"
    ],
    "similarity_matrix": [
      [
        1.0000001192092896,
        0.9673519134521484,
        0.9983700513839722,
        0.9661186933517456
      ],
      [
        0.9673519134521484,
        1.000000238418579,
        0.9707227349281311,
        0.9880658984184265
      ],
      [
        0.9983700513839722,
        0.9707227349281311,
        0.9999998807907104,
        0.9688401222229004
      ],
      [
        0.9661186933517456,
        0.9880658984184265,
        0.9688401222229004,
        1.000000238418579
      ]
    ],
    "answer_vs_options": {
      "answer_vs_option_1": 0.9673519134521484,
      "answer_vs_option_2": 0.9983700513839722,
      "answer_vs_option_3": 0.9661186933517456
    },
    "option_vs_option": {
      "option_1_vs_option_2": 0.9707227349281311,
      "option_1_vs_option_3": 0.9880658984184265,
      "option_2_vs_option_3": 0.9688401222229004
    }
  },
  {
    "id": 2742,
    "answer": "Bain Capital",
    "options": [
      "Bain & Associates",
      "Bain & Company",
      "Main Capital"
    ],
    "all_options": [
      "Bain Capital",
      "Bain & Associates",
      "Bain & Company",
      "Main Capital"
    ],
    "similarity_matrix": [
      [
        1.0000001192092896,
        0.9956264495849609,
        0.9954617023468018,
        0.9845496416091919
      ],
      [
        0.9956264495849609,
        0.9999998211860657,
        0.9987727403640747,
        0.9817402362823486
      ],
      [
        0.9954617023468018,
        0.9987727403640747,
        1.0,
        0.9783111810684204
      ],
      [
        0.9845496416091919,
        0.9817402362823486,
        0.9783111810684204,
        1.000000238418579
      ]
    ],
    "answer_vs_options": {
      "answer_vs_option_1": 0.9956264495849609,
      "answer_vs_option_2": 0.9954617023468018,
      "answer_vs_option_3": 0.9845496416091919
    },
    "option_vs_option": {
      "option_1_vs_option_2": 0.9987727403640747,
      "option_1_vs_option_3": 0.9817402362823486,
      "option_2_vs_option_3": 0.9783111810684204
    }
  },
  {
    "id": 2936,
    "answer": "1110 Ratingen St.",
    "options": [
      "1111 Ratingen St.",
      "1120 Ratingen St.",
      "1100 Ratingen St."
    ],
    "all_options": [
      "1110 Ratingen St.",
      "1111 Ratingen St.",
      "1120 Ratingen St.",
      "1100 Ratingen St."
    ],
    "similarity_matrix": [
      [
        1.000000238418579,
        0.9999030828475952,
        0.9998995661735535,
        0.9991261959075928
      ],
      [
        0.9999030828475952,
        1.0,
        0.9998376369476318,
        0.9991304874420166
      ],
      [
        0.9998995661735535,
        0.9998376369476318,
        1.000000238418579,
        0.9992740154266357
      ],
      [
        0.9991261959075928,
        0.9991304874420166,
        0.9992740154266357,
        0.9999997615814209
      ]
    ],
    "answer_vs_options": {
      "answer_vs_option_1": 0.9999030828475952,
      "answer_vs_option_2": 0.9998995661735535,
      "answer_vs_option_3": 0.9991261959075928
    },
    "option_vs_option": {
      "option_1_vs_option_2": 0.9998376369476318,
      "option_1_vs_option_3": 0.9991304874420166,
      "option_2_vs_option_3": 0.9992740154266357
    }
  },
  {
    "id": 2991,
    "answer": "2004",
    "options": [
      "2003",
      "2005",
      "2003"
    ],
    "all_options": [
      "2004",
      "2003",
      "2005",
      "2003"
    ],
    "similarity_matrix": [
      [
        1.0,
        0.9976130723953247,
        0.9974979162216187,
        0.9976130723953247
      ],
      [
        0.9976130723953247,
        1.0,
        0.9956518411636353,
        1.0
      ],
      [
        0.9974979162216187,
        0.9956518411636353,
        0.9999997615814209,
        0.9956518411636353
      ],
      [
        0.9976130723953247,
        1.0,
        0.9956518411636353,
        1.0
      ]
    ],
    "answer_vs_options": {
      "answer_vs_option_1": 0.9976130723953247,
      "answer_vs_option_2": 0.9974979162216187,
      "answer_vs_option_3": 0.9976130723953247
    },
    "option_vs_option": {
      "option_1_vs_option_2": 0.9956518411636353,
      "option_1_vs_option_3": 1.0,
      "option_2_vs_option_3": 0.9956518411636353
    }
  },
  {
    "id": 3009,
    "answer": "£6,500",
    "options": [
      "£6,000",
      "£5,500",
      "£7,500"
    ],
    "all_options": [
      "£6,500",
      "£6,000",
      "£5,500",
      "£7,500"
    ],
    "similarity_matrix": [
      [
        1.000000238418579,
        0.9993830919265747,
        0.9989096522331238,
        0.9998866319656372
      ],
      [
        0.9993830919265747,
        1.000000238418579,
        0.9986757040023804,
        0.999321460723877
      ],
      [
        0.9989096522331238,
        0.9986757040023804,
        1.0,
        0.9988994598388672
      ],
      [
        0.9998866319656372,
        0.999321460723877,
        0.9988994598388672,
        1.0000001192092896
      ]
    ],
    "answer_vs_options": {
      "answer_vs_option_1": 0.9993830919265747,
      "answer_vs_option_2": 0.9989096522331238,
      "answer_vs_option_3": 0.9998866319656372
    },
    "option_vs_option": {
      "option_1_vs_option_2": 0.9986757040023804,
      "option_1_vs_option_3": 0.999321460723877,
      "option_2_vs_option_3": 0.9988994598388672
    }
  },
  {
    "id": 3028,
    "answer": "DameWare Mini Remote Control",
    "options": [
      "DameWare Remote Mini Control",
      "DameWare Remote Control Mini",
      "DameWare Mini Control Remote"
    ],
    "all_options": [
      "DameWare Mini Remote Control",
      "DameWare Remote Mini Control",
      "DameWare Remote Control Mini",
      "DameWare Mini Control Remote"
    ],
    "similarity_matrix": [
      [
        1.0,
        0.9990514516830444,
        0.9977841973304749,
        0.9981546401977539
      ],
      [
        0.9990514516830444,
        1.000000238418579,
        0.9983547925949097,
        0.9974436163902283
      ],
      [
        0.9977841973304749,
        0.9983547925949097,
        1.000000238418579,
        0.9965420961380005
      ],
      [
        0.9981546401977539,
        0.9974436163902283,
        0.9965420961380005,
        1.000000238418579
      ]
    ],
    "answer_vs_options": {
      "answer_vs_option_1": 0.9990514516830444,
      "answer_vs_option_2": 0.9977841973304749,
      "answer_vs_option_3": 0.9981546401977539
    },
    "option_vs_option": {
      "option_1_vs_option_2": 0.9983547925949097,
      "option_1_vs_option_3": 0.9974436163902283,
      "option_2_vs_option_3": 0.9965420961380005
    }
  },
  {
    "id": 3086,
    "answer": "Rahima Foundation",
    "options": [
      "Rahima Fund",
      "Rahima Organization",
      "Rahim Foundation"
    ],
    "all_options": [
      "Rahima Foundation",
      "Rahima Fund",
      "Rahima Organization",
      "Rahim Foundation"
    ],
    "similarity_matrix": [
      [
        0.9999998807907104,
        0.9714803695678711,
        0.9773247241973877,
        0.8152329325675964
      ],
      [
        0.9714803695678711,
        0.9999997019767761,
        0.971367597579956,
        0.7818995714187622
      ],
      [
        0.9773247241973877,
        0.971367597579956,
        0.9999998807907104,
        0.78272545337677
      ],
      [
        0.8152329325675964,
        0.7818995714187622,
        0.78272545337677,
        0.9999997615814209
      ]
    ],
    "answer_vs_options": {
      "answer_vs_option_1": 0.9714803695678711,
      "answer_vs_option_2": 0.9773247241973877,
      "answer_vs_option_3": 0.8152329325675964
    },
    "option_vs_option": {
      "option_1_vs_option_2": 0.971367597579956,
      "option_1_vs_option_3": 0.7818995714187622,
      "option_2_vs_option_3": 0.78272545337677
    }
  },
  {
    "id": 3088,
    "answer": "Julieta Venegas",
    "options": [
      "Julieta Vengas",
      "Julieta Vargas",
      "Julieta Vasquez"
    ],
    "all_options": [
      "Julieta Venegas",
      "Julieta Vengas",
      "Julieta Vargas",
      "Julieta Vasquez"
    ],
    "similarity_matrix": [
      [
        0.9999998807907104,
        0.9919424057006836,
        0.9438618421554565,
        0.9698541164398193
      ],
      [
        0.9919424057006836,
        1.0000001192092896,
        0.9514961242675781,
        0.9730740785598755
      ],
      [
        0.9438618421554565,
        0.9514961242675781,
        1.0,
        0.9378328919410706
      ],
      [
        0.9698541164398193,
        0.9730740785598755,
        0.9378328919410706,
        1.0000001192092896
      ]
    ],
    "answer_vs_options": {
      "answer_vs_option_1": 0.9919424057006836,
      "answer_vs_option_2": 0.9438618421554565,
      "answer_vs_option_3": 0.9698541164398193
    },
    "option_vs_option": {
      "option_1_vs_option_2": 0.9514961242675781,
      "option_1_vs_option_3": 0.9730740785598755,
      "option_2_vs_option_3": 0.9378328919410706
    }
  },
  {
    "id": 3235,
    "answer": "Botha",
    "options": [
      "Bothe",
      "Boothman",
      "Botham"
    ],
    "all_options": [
      "Botha",
      "Bothe",
      "Boothman",
      "Botham"
    ],
    "similarity_matrix": [
      [
        1.0000001192092896,
        0.9937250018119812,
        0.9732897877693176,
        0.9824199676513672
      ],
      [
        0.9937250018119812,
        1.0,
        0.9751451015472412,
        0.9821041822433472
      ],
      [
        0.9732897877693176,
        0.9751451015472412,
        1.0000001192092896,
        0.9616310596466064
      ],
      [
        0.9824199676513672,
        0.9821041822433472,
        0.9616310596466064,
        1.000000238418579
      ]
    ],
    "answer_vs_options": {
      "answer_vs_option_1": 0.9937250018119812,
      "answer_vs_option_2": 0.9732897877693176,
      "answer_vs_option_3": 0.9824199676513672
    },
    "option_vs_option": {
      "option_1_vs_option_2": 0.9751451015472412,
      "option_1_vs_option_3": 0.9821041822433472,
      "option_2_vs_option_3": 0.9616310596466064
    }
  },
  {
    "id": 3300,
    "answer": "13 11 14",
    "options": [
      "13 11 13",
